#dim half(ms) single(ms) double(ms)
12800 0.020992 0.012288 0.009824
25600 0.011264 0.009152 0.011040
38400 0.014208 0.009056 0.007552
51200 0.011392 0.004032 0.010560
64000 0.009952 0.011200 0.012736
76800 0.008064 0.010048 0.006144
89600 0.008000 0.005152 0.007392
102400 0.047712 0.007808 0.010336
115200 0.008736 0.012128 0.011840
128000 0.040224 0.007136 0.017056
140800 0.012704 0.010208 0.017056
153600 0.010624 0.012224 0.021504
166400 0.009120 0.014240 0.026880
179200 0.032384 0.008032 0.026336
192000 0.015520 0.016224 0.035456
204800 0.014752 0.014048 0.030048
217600 0.011904 0.014816 0.036704
230400 0.008736 0.019808 0.330208
243200 0.008768 0.016608 0.037376
256000 0.025248 0.015488 0.042048
268800 0.015904 0.022048 0.039744
281600 0.013984 0.018592 0.045344
294400 0.010432 0.022304 0.042784
307200 0.017952 0.022592 0.049280
320000 0.016512 0.020960 0.051328
332800 0.016032 0.029088 0.056320
345600 0.014272 0.026688 0.054720
358400 0.015648 0.030752 0.056352
371200 0.020864 0.032864 0.062208
384000 0.019936 0.029056 0.064544
396800 0.022048 0.030400 0.069056
409600 0.023712 0.035648 0.065536
422400 0.021696 0.032864 0.066368
435200 0.018368 0.045920 0.072224
448000 0.022688 0.034336 0.074464
460800 0.018656 0.039712 0.077280
473600 0.020480 0.036960 0.073568
486400 0.024256 0.042048 0.080992
499200 0.028064 0.043072 0.081792
512000 0.025664 0.045056 0.082496
524800 0.025984 0.039904 0.083776
537600 0.025728 0.046368 0.087712
550400 0.026208 0.047136 0.087712
563200 0.031744 0.049152 0.092288
576000 0.034688 0.047328 0.094560
588800 0.030080 0.051936 0.092672
601600 0.028960 0.045152 0.095904
614400 0.025408 0.050880 0.098336
627200 0.031360 0.049120 0.101056
640000 0.034432 0.049952 0.103296
652800 0.031232 0.053760 0.105728
665600 0.038784 0.054240 0.109024
678400 0.037504 0.059072 0.106432
691200 0.036864 0.056480 0.112128
704000 0.033760 0.060512 0.114272
716800 0.039296 0.056960 0.117536
729600 0.038176 0.061536 0.114400
742400 0.037760 0.063168 0.115328
755200 0.037184 0.059872 0.117216
768000 0.041888 0.066048 0.124512
780800 0.034496 0.213632 0.121728
793600 0.034912 0.066784 0.126688
806400 0.038720 0.066976 0.128480
819200 0.042048 0.065216 0.131392
832000 0.040768 0.070176 0.130848
844800 0.041408 0.068256 0.132160
857600 0.039936 0.064768 0.138080
870400 0.038784 0.070336 0.135264
883200 0.045376 0.068640 0.143744
896000 0.040224 0.072704 0.140224
908800 0.047200 0.071968 0.147168
921600 0.043360 0.076576 0.147872
934400 0.049248 0.073440 0.145056
947200 0.046656 0.074752 0.145632
960000 0.045152 0.079008 0.153632
972800 0.045216 0.076096 0.155680
985600 0.048704 0.082720 0.158400
998400 0.046752 0.082048 0.154432
1011200 0.051136 0.080960 0.160032
1024000 0.052768 0.083328 0.161920
1036800 0.048000 0.084224 0.165280
1049600 0.052224 0.082304 0.162912
1062400 0.052544 0.081728 0.168800
1075200 0.051168 0.089344 0.171456
1088000 0.050624 0.083552 0.169088
1100800 0.051264 0.090304 0.174528
1113600 0.053888 0.087552 0.180512
1126400 0.057920 0.088480 0.173440
1139200 0.058656 0.091232 0.184832
1152000 0.057888 0.094528 0.185472
1164800 0.055072 0.094432 0.182528
1177600 0.057920 0.093216 0.188768
1190400 0.053312 0.091392 0.188576
1203200 0.060960 0.098272 0.191360
1216000 0.065472 0.097696 0.196192
1228800 0.059680 0.098304 0.194176
1241600 0.060224 0.101472 0.194784
1254400 0.059328 0.101312 0.197952
1267200 0.057152 0.098432 0.204768
1280000 0.056896 0.100960 0.199008
1292800 0.064128 0.099456 0.204480
1305600 0.061472 0.107520 0.201696
1318400 0.059136 0.107168 0.204736
1331200 0.066560 0.109664 0.210464
1344000 0.060960 0.105760 0.208384
1356800 0.064608 0.107968 0.210912
1369600 0.065632 0.114720 0.219712
1382400 0.064928 0.111968 0.219456
1395200 0.066720 0.130016 0.216160
1408000 0.067392 0.116128 0.220032
1420800 0.066304 0.113664 0.219680
1433600 0.065152 0.113344 0.233312
1446400 0.066752 0.119200 0.233632
1459200 0.070144 0.116960 0.227584
1472000 0.072064 0.119776 0.232224
1484800 0.067904 0.120032 0.237600
1497600 0.065248 0.117248 0.237696
1510400 0.071168 0.121088 0.242880
1523200 0.069632 0.142816 0.242848
1536000 0.066688 0.120512 0.242880
1548800 0.069856 0.123040 0.241024
1561600 0.403840 0.122336 0.279040
1574400 0.074272 0.120416 0.247616
1587200 0.077216 0.129280 0.252832
1600000 0.072704 0.123232 0.248352
1612800 0.074624 0.130752 0.259520
1625600 0.075168 0.128320 0.251392
1638400 0.073056 0.132064 0.256960
1651200 0.075392 0.130848 0.258624
1664000 0.073504 0.128480 0.262560
1676800 0.075744 0.134496 0.271936
1689600 0.077984 0.134144 0.277440
1702400 0.074368 0.138688 0.280768
1715200 0.076000 0.136640 0.273472
1728000 0.075168 0.133248 0.269440
1740800 0.082432 0.140704 0.270208
1753600 0.079872 0.135264 0.271168
1766400 0.084864 0.141600 0.272448
1779200 0.081280 0.143872 0.279392
1792000 0.079424 0.139264 0.277664
1804800 0.082016 0.140704 0.281952
1817600 0.081216 0.148160 0.285760
1830400 0.083872 0.142944 0.288544
1843200 0.086016 0.146688 0.287232
1856000 0.088096 0.144992 0.285152
1868800 0.090592 0.148320 0.294912
1881600 0.088640 0.147232 0.297728
1894400 0.090592 0.156192 0.300384
1907200 0.090272 0.154496 0.304256
1920000 0.089312 0.154432 0.297888
1932800 0.089024 0.163552 0.303424
1945600 0.091936 0.155104 0.304032
1958400 0.091616 0.155648 0.306880
1971200 0.087776 0.161984 0.311360
1984000 0.090784 0.161536 0.308704
1996800 0.091360 0.159840 0.315168
2009600 0.092256 0.162496 0.313920
2022400 0.090784 0.161024 0.316928
2035200 0.090880 0.162880 0.316192
2048000 0.097536 0.159840 0.321056
2060800 0.092128 0.160896 0.323040
2073600 0.093152 0.167200 0.339872
2086400 0.099040 0.168064 0.329344
2099200 0.096576 0.167136 0.334304
2112000 0.098816 0.170880 0.334272
2124800 0.098016 0.170784 0.331264
2137600 0.099040 0.168384 0.337120
2150400 0.098016 0.174944 0.337472
2163200 0.098752 0.175520 0.343264
2176000 0.161536 0.174784 0.345568
2188800 0.100128 0.171360 0.344832
2201600 0.098240 0.176960 0.341472
2214400 0.097024 0.176320 0.345664
2227200 0.096672 0.176544 0.348576
2240000 0.098272 0.178656 0.352160
2252800 0.098912 0.176352 0.348800
2265600 0.101248 0.177984 0.356448
2278400 0.101824 0.175840 0.352128
2291200 0.102496 0.177440 0.356544
2304000 0.102848 0.177408 0.397504
2316800 0.101472 0.185664 0.362784
2329600 0.108416 0.184704 0.369568
2342400 0.108448 0.188544 0.371168
2355200 0.109088 0.182496 0.368096
2368000 0.108928 0.182944 0.372704
2380800 0.109120 0.190464 0.379232
2393600 0.108608 0.190304 0.371392
2406400 0.111520 0.192224 0.380096
2419200 0.112288 0.190688 0.380032
2432000 0.110208 0.189472 0.385184
2444800 0.109472 0.189376 0.381344
2457600 0.111552 0.189536 0.384800
2470400 0.109632 0.196736 0.382816
2483200 0.107488 0.196160 0.386944
2496000 0.113952 0.198976 0.392224
2508800 0.114560 0.201696 0.398784
2521600 0.113952 0.197504 0.398304
2534400 0.115680 0.202624 0.396160
2547200 0.112800 0.205728 0.395936
2560000 0.116672 0.203552 0.399168
2572800 0.125440 0.198400 0.405984
2585600 0.114048 0.207776 0.403488
2598400 0.112416 0.202720 0.410944
2611200 0.119264 0.206688 0.410752
2624000 0.119360 0.203552 0.411296
2636800 0.121664 0.209472 0.410208
2649600 0.120320 0.208896 0.415872
2662400 0.119264 0.210112 0.417920
2675200 0.117920 0.207936 0.418688
2688000 0.116928 0.206464 0.421952
2700800 0.116736 0.214016 0.421984
2713600 0.124032 0.210336 0.424160
2726400 0.119040 0.217056 0.424704
2739200 0.119008 0.235040 0.428160
2752000 0.118848 0.219328 0.430400
2764800 0.137760 0.217952 0.465920
2777600 0.125888 0.216096 0.437472
2790400 0.127264 0.222912 0.433856
2803200 0.128224 0.220864 0.444768
2816000 0.126784 0.217696 0.446048
2828800 0.126304 0.224256 0.444256
2841600 0.123328 0.222080 0.444992
2854400 0.126432 0.226496 0.442400
2867200 0.126176 0.228864 0.449824
2880000 0.126144 0.227616 0.452768
2892800 0.130240 0.228800 0.453088
2905600 0.131904 0.227008 0.456480
2918400 0.127968 0.225824 0.461344
2931200 0.132832 0.231296 0.456576
2944000 0.126176 0.230144 0.457504
2956800 0.132736 0.228992 0.462976
2969600 0.133376 0.234624 0.465088
2982400 0.128608 0.231360 0.459200
2995200 0.134304 0.235040 0.470144
3008000 0.136512 0.232192 0.474144
3020800 0.135840 0.235360 0.477536
3033600 0.134688 0.239232 0.472224
3046400 0.130592 0.238848 0.482240
3059200 0.133728 0.241568 0.481504
3072000 0.137888 0.237600 0.519744
3084800 0.139808 0.240096 0.481728
3097600 0.134016 0.239360 0.487168
3110400 0.135968 0.244992 0.485632
3123200 0.140416 0.247840 0.485952
3136000 0.140704 0.247584 0.490592
3148800 0.144992 0.244448 0.494688
3161600 0.143936 0.245728 0.497632
3174400 0.143744 0.249856 0.499392
3187200 0.142144 0.252544 0.504736
3200000 0.142880 0.254624 0.504384
3212800 0.142016 0.250304 0.499040
3225600 0.147392 0.252032 0.503328
3238400 0.146112 0.252416 0.541280
3251200 0.146528 0.252256 0.510592
3264000 0.141728 0.258592 0.510880
3276800 0.149376 0.253120 0.505504
3289600 0.149760 0.261248 0.512416
3302400 0.148256 0.255904 0.517504
3315200 0.149696 0.272736 0.519072
3328000 0.153920 0.262656 0.521120
3340800 0.153056 0.261728 0.519648
3353600 0.150752 0.260480 0.524480
3366400 0.149312 0.270208 0.536064
3379200 0.147360 0.261664 0.523360
3392000 0.151104 0.268480 0.526016
3404800 0.147968 0.266464 0.527680
3417600 0.154016 0.266592 0.532352
3430400 0.145824 0.267968 0.532640
3443200 0.151328 0.273024 0.530784
3456000 0.152832 0.275072 0.559424
3468800 0.146112 0.275296 0.541120
3481600 0.152064 0.275200 0.548000
3494400 0.155360 0.272032 0.551040
3507200 0.151488 0.279488 0.557856
3520000 0.155552 0.279648 0.553600
3532800 0.151232 0.280640 0.557408
3545600 0.153376 0.280416 0.594240
3558400 0.151520 0.277824 0.552160
3571200 0.153248 0.280032 0.560288
3584000 0.151808 0.277664 0.560960
3596800 0.158400 0.278528 0.560288
3609600 0.154400 0.286432 0.567520
3622400 0.156192 0.322240 0.568736
3635200 0.154752 0.289152 0.567424
3648000 0.159936 0.282080 0.570496
3660800 0.161792 0.285888 0.572224
3673600 0.160576 0.288672 0.579040
3686400 0.161536 0.310912 0.580448
3699200 0.163904 0.290816 0.576000
3712000 0.160512 0.293504 0.586400
3724800 0.163776 0.297216 0.579616
3737600 0.160736 0.291840 0.591808
3750400 0.158080 0.293952 0.591520
3763200 0.159328 0.300416 0.615136
3776000 0.161536 0.295936 0.585792
3788800 0.167200 0.294752 0.593952
3801600 0.160192 0.298176 0.589824
3814400 0.163232 0.302496 0.600736
3827200 0.167296 0.300832 0.598304
3840000 0.167648 0.302752 0.617920
3852800 0.168608 0.301344 0.603648
3865600 0.167104 0.302496 0.603392
3878400 0.167744 0.308352 0.601568
3891200 0.166496 0.306976 0.608672
3904000 0.170880 0.305696 0.602624
3916800 0.169024 0.307776 0.617472
3929600 0.167072 0.307040 0.615552
3942400 0.166400 0.313952 0.623808
3955200 0.173152 0.318080 0.618240
3968000 0.176000 0.316224 0.623200
3980800 0.176128 0.315456 0.622592
3993600 0.169408 0.311264 0.624736
4006400 0.175840 0.316768 0.631488
4019200 0.171680 0.316000 0.626208
4032000 0.176544 0.314944 0.626464
4044800 0.176544 0.316992 0.640160
4057600 0.175200 0.314816 0.632384
4070400 0.176704 0.322976 0.633856
4083200 0.175584 0.317760 0.638816
4096000 0.176128 0.320768 0.680064
4108800 0.177504 0.320128 0.640096
4121600 0.176128 0.327040 0.643904
4134400 0.175232 0.326784 0.649344
4147200 0.176800 0.321088 0.646656
4160000 0.182240 0.328864 0.650560
4172800 0.181344 0.332768 0.654784
4185600 0.179680 0.332224 0.652800
4198400 0.184288 0.326944 0.652896
4211200 0.189408 0.332608 0.655968
4224000 0.188320 0.333632 0.668896
4236800 0.185248 0.335904 0.666720
4249600 0.185376 0.334784 0.662688
4262400 0.185568 0.331200 0.663008
4275200 0.184256 0.332224 0.669760
4288000 0.188896 0.334176 0.676352
4300800 0.187360 0.334560 0.675872
4313600 0.185216 0.344192 0.677056
4326400 0.188896 0.343360 0.673024
4339200 0.194112 0.338784 0.675456
4352000 0.191136 0.343168 0.676768
4364800 0.192832 0.341056 0.683328
4377600 0.191808 0.346880 0.685984
4390400 0.191616 0.342880 0.683552
4403200 0.192128 0.344928 0.689856
4416000 0.194144 0.344864 0.692736
4428800 0.192320 0.347360 0.711456
4441600 0.191296 0.351648 0.698144
4454400 0.192512 0.352000 0.698464
4467200 0.195968 0.349536 0.700096
4480000 0.195136 0.357888 0.698784
4492800 0.193408 0.352384 0.737664
4505600 0.200864 0.354848 0.701856
4518400 0.199808 0.360096 0.705152
4531200 0.202432 0.361024 0.712256
4544000 0.201600 0.356256 0.713280
4556800 0.201696 0.357024 0.714720
4569600 0.202752 0.361824 0.718624
4582400 0.202688 0.360672 0.716480
4595200 0.204064 0.363392 0.722048
4608000 0.202112 0.361984 0.723424
4620800 0.201824 0.361120 0.728448
4633600 0.206720 0.362944 0.724608
4646400 0.200832 0.361600 0.725504
4659200 0.201056 0.363392 0.732800
4672000 0.205216 0.367584 0.726208
4684800 0.203360 0.374848 0.738912
4697600 0.222592 0.371840 0.733888
4710400 0.205056 0.367328 0.739904
4723200 0.207584 0.373568 0.742144
4736000 0.209440 0.372224 0.736768
4748800 0.203328 0.371552 0.745024
4761600 0.210368 0.388832 0.741600
4774400 0.206016 0.377984 0.785440
4787200 0.207680 0.376064 0.755680
4800000 0.207680 0.378304 0.748192
4812800 0.215264 0.377824 0.761440
4825600 0.209792 0.377504 0.757184
4838400 0.210336 0.381504 0.791136
4851200 0.226752 0.382112 0.762112
4864000 0.215744 0.380384 0.766464
4876800 0.215744 0.380416 0.769824
4889600 0.214592 0.386080 0.799808
4902400 0.216512 0.381408 0.773632
4915200 0.218272 0.386848 0.766784
4928000 0.215296 0.389088 0.771296
4940800 0.217984 0.428640 0.772864
4953600 0.217824 0.393312 0.808224
4966400 0.215136 0.389568 0.776896
4979200 0.215328 0.391648 0.773376
4992000 0.217632 0.391200 0.785632
5004800 0.221120 0.397024 0.786272
5017600 0.224512 0.391584 0.784672
5030400 0.222880 0.397920 0.786496
5043200 0.220160 0.399232 0.793568
5056000 0.220704 0.399072 0.787520
5068800 0.216896 0.399008 0.793952
5081600 0.224672 0.403264 0.791712
5094400 0.222112 0.417600 0.795776
5107200 0.225248 0.400000 0.796800
5120000 0.225696 0.404608 0.792480
5132800 0.226528 0.401216 0.806752
5145600 0.227168 0.404320 0.800992
5158400 0.225856 0.407584 0.840512
5171200 0.225792 0.407616 0.820160
5184000 0.221792 0.408992 0.805120
5196800 0.225600 0.408896 0.815616
5209600 0.231008 0.414464 0.816544
5222400 0.230368 0.414752 0.825152
5235200 0.226080 0.409568 0.819776
5248000 0.223808 0.413248 0.811968
5260800 0.223584 0.410944 0.821120
5273600 0.226336 0.419104 0.812352
5286400 0.225376 0.419232 0.826464
5299200 0.223488 0.415104 0.822976
5312000 0.222624 0.414944 0.825216
5324800 0.223296 0.422048 0.827520
5337600 0.230240 0.418208 0.827328
5350400 0.225088 0.441696 0.839328
5363200 0.226464 0.423744 0.834336
5376000 0.224672 0.424544 0.837856
5388800 0.235040 0.420160 0.843488
5401600 0.228704 0.422720 0.846784
5414400 0.229312 0.425696 0.850080
5427200 0.233568 0.430848 0.880800
5440000 0.231648 0.427552 0.843520
5452800 0.233568 0.432416 0.882368
5465600 0.233888 0.431968 0.854592
5478400 0.232704 0.436064 0.856032
5491200 0.230752 0.441600 0.857344
5504000 0.230176 0.434080 0.855584
5516800 0.237184 0.432480 0.868608
5529600 0.235680 0.438560 0.865536
5542400 0.234144 0.431968 0.868128
5555200 0.236288 0.441120 0.875456
5568000 0.232320 0.436160 0.863616
5580800 0.238048 0.440288 0.872800
5593600 0.238752 0.435936 0.907744
5606400 0.241824 0.444384 0.875104
5619200 0.240992 0.442400 0.885696
5632000 0.238912 0.446016 0.872096
5644800 0.238752 0.445792 0.886656
5657600 0.258592 0.444128 0.885216
5670400 0.237600 0.444128 0.875072
5683200 0.240224 0.446560 0.895904
5696000 0.242304 0.444864 0.892928
5708800 0.240928 0.449856 0.893792
5721600 0.238976 0.448576 0.898240
5734400 0.242784 0.452992 0.891648
5747200 0.242144 0.453728 0.897536
5760000 0.249504 0.455200 0.900640
5772800 0.247968 0.489952 0.899104
5785600 0.247936 0.455456 0.905344
5798400 0.246880 0.459744 0.908480
5811200 0.245120 0.459712 0.908192
5824000 0.248192 0.455872 0.912192
5836800 0.244128 0.462336 0.908864
5849600 0.246208 0.462976 0.912608
5862400 0.247520 0.475008 0.919424
5875200 0.249152 0.462496 0.950464
5888000 0.247040 0.467328 0.914368
5900800 0.246048 0.465632 0.930976
5913600 0.253632 0.465664 0.921152
5926400 0.247104 0.462432 0.920384
5939200 0.251424 0.468896 0.931584
5952000 0.255744 0.467520 0.932864
5964800 0.268896 0.463968 0.940064
5977600 0.256160 0.468672 0.941248
5990400 0.257312 0.466496 0.936448
6003200 0.252192 0.473344 0.931648
6016000 0.256544 0.477344 0.970624
6028800 0.252448 0.474432 0.955040
6041600 0.254048 0.476992 0.972640
6054400 0.252288 0.476992 0.946272
6067200 0.255488 0.478400 0.953024
6080000 0.253920 0.480416 0.945920
6092800 0.261216 0.479264 0.950464
6105600 0.261632 0.482144 0.950144
6118400 0.256576 0.479200 0.959264
6131200 0.255296 0.477792 0.964448
6144000 0.264096 0.483168 0.964864
6156800 0.263840 0.481088 0.954496
6169600 0.262880 0.485600 0.968736
6182400 0.260608 0.487296 0.965248
6195200 0.258752 0.488192 0.959616
6208000 0.257248 0.485024 0.970976
6220800 0.262528 0.494912 0.981696
6233600 0.262432 0.485728 0.980448
6246400 0.261088 0.492160 0.976320
6259200 0.263168 0.494048 0.971840
6272000 0.260640 0.505056 0.980352
6284800 0.270592 0.491520 0.980896
6297600 0.276352 0.491680 0.980992
6310400 0.273312 0.493888 0.990080
6323200 0.277056 0.497248 0.987680
6336000 0.277568 0.501856 0.986592
6348800 0.276256 0.494528 0.982944
6361600 0.277984 0.546048 1.016128
6374400 0.277184 0.496352 0.997440
6387200 0.279904 0.498368 0.998112
6400000 0.277248 0.509312 0.996736
6412800 0.276512 0.506304 1.003040
6425600 0.285344 0.502464 1.004448
6438400 0.279872 0.505856 1.000128
6451200 0.283616 0.507744 1.005984
6464000 0.285856 0.511008 1.016320
6476800 0.279264 0.508864 1.011744
6489600 0.285280 0.503456 1.046336
6502400 0.285856 0.513440 1.013088
6515200 0.305568 0.510080 1.018592
6528000 0.288128 0.515904 1.051104
6540800 0.288256 0.515840 1.020512
6553600 0.287680 0.515040 1.022688
6566400 0.283232 0.517184 1.026496
6579200 0.285984 0.514688 1.023136
6592000 0.284352 0.514240 1.027168
6604800 0.290784 0.522432 1.031200
6617600 0.284960 0.522752 1.038176
6630400 0.289728 0.521152 1.041312
6643200 0.285760 0.523808 1.037120